1	157.876657197257
2	221.841065919699
3	294.37830809403
4	357.51130120611
5	417.456424860936
6	473.3549432119
7	525.903853844406
8	575.077246608761
9	620.959533641658
10	663.546645454136
11	702.83585506197
12	738.713437972299
13	771.199724621295
14	800.202184494731
15	825.697286580921
16	847.593901553867
17	865.9122533351
18	880.583404529364
19	891.582074654377
20	898.926650905544
21	902.59526863934
22	902.625816996255
23	898.995979902308
24	891.787626732165
25	881.019554717783
26	866.774542374654
27	849.09067513881
28	828.091476679521
29	803.839580729294
30	776.449753386608
31	746.04400832795
32	712.759059182043
33	676.728286903211
34	638.093471277463
35	597.018469442047
36	553.687858530131
37	508.228454907908
38	460.867887145256
39	411.803231189208
40	361.188763236664
41	309.243371576507
42	256.181022351131
43	202.222587096578
44	147.542399426929
45	92.3951820410955
46	36.9783916587776
47	-18.4882865574064
48	-73.7862078851891
49	-128.69954844101
50	-183.008290956649
51	-236.506702146524
52	-288.988901309222
53	-340.257138728222
54	-390.079651323069
55	-438.314045945476
56	-484.728111940294
57	-529.149272306836
58	-571.430205016338
59	-611.380578169344
60	-648.869075329078
61	-683.748499696774
62	-715.857533515664
63	-745.111897731814
64	-771.379192726907
65	-794.565550132398
66	-814.573103374625
67	-831.345345907685
68	-844.801999535289
69	-854.903605934134
70	-861.588907461236
71	-864.883604403355
72	-864.743183257669
73	-861.168518895513
74	-854.203765112154
75	-843.867447770735
76	-830.179311553551
77	-813.241856978192
78	-793.070844296077
79	-769.786240541545
80	-743.487561631263
81	-714.239031902048
82	-682.199031593838
83	-647.464951708584
84	-610.209893224559
85	-570.562054909281
86	-528.678387466334
87	-484.716969723778
88	-438.866774182881
89	-391.306414301658
90	-342.23098945123
91	-291.819755650628
92	-240.274481947143
93	-187.813992625259
94	-134.625208212915
95	-80.9333109712921
96	-26.9461169697566
97	27.1273939076265
98	81.072934958226
99	134.675825320545
100	187.728490362801
101	240.019159669681
102	291.33890164617
103	341.488886448839
104	390.270488056509
105	437.499204660323
106	482.982532284567
107	526.542681597124
108	568.004427401813
109	607.206161895368
110	644.024669567453
111	678.262210869386
112	709.814634024679
113	738.568814729548
114	764.378579222356
115	787.177711349558
116	806.852927315243
117	823.330645658074
118	836.555750515979
119	846.47098226956
120	853.038488510971
121	856.240615291746
122	856.05904632492
123	852.493512812953
124	845.546272255128
125	835.277885964412
126	821.68761026166
127	804.87733982699
128	784.861891606689
129	761.757057652657
130	735.635952084311
131	706.608404044434
132	674.796323882531
133	640.319973544472
134	603.298364208433
135	563.905596693532
136	522.287279788677
137	478.583378048033
138	433.008997299973
139	385.71149779374
140	336.869770367329
141	286.71050277667
142	235.413100129056
143	183.188961550219
144	130.217793497112
145	76.738129396024
146	22.9443583016231
147	-30.9455801442137
148	-84.7185307517106
149	-138.173543391718
150	-191.077144158713
151	-243.249532629973
152	-294.462551017883
153	-344.519492205269
154	-393.213388281618
155	-440.379809743017
156	-485.813424405736
157	-529.345689256567
158	-570.7829720066
159	-609.967738296456
160	-646.762569714691
161	-681.011143156079
162	-712.574011674887
163	-741.322208291699
164	-767.160567931195
165	-789.983644238187
166	-809.661178792425
167	-826.164890805347
168	-839.398644774521
169	-849.328326506373
170	-855.896117888525
171	-859.084744888066
172	-858.874504601202
173	-855.269416614655
174	-848.289194568997
175	-837.930887143034
176	-824.277333315372
177	-807.341084459035
178	-787.201632776273
179	-763.952842979932
180	-737.658887051913
181	-708.449451514721
182	-676.395644014643
183	-641.671587583138
184	-604.391144516725
185	-564.686147886885
186	-522.736820189979
187	-478.679693944529
188	-432.718587693275
189	-385.013413227212
190	-335.747368795794
191	-285.125620484358
192	-233.332526170937
193	-180.596546252559
194	-127.086175148855
195	-73.0553688915185
196	-18.6871124207261
197	35.79657119337
198	90.1752473668418
199	144.252847532642
200	197.790136363994
201	250.593343574413
202	302.45537046262
203	353.159284319357
204	402.514299488825
205	450.313964905117
206	496.365993881493
207	540.516094287746
208	582.552048175806
209	622.334833520053
210	659.69777362662
211	694.494977578227
212	726.57238691337
213	755.789772364778
214	782.075853169618
215	805.264851174744
216	825.316439288288
217	842.117538967646
218	855.594038872663
219	865.712938899097
220	872.416292747958
221	875.685848453205
222	875.481962587176
223	871.802659722381
224	864.667150312978
225	854.114901824719
226	840.160606001824
227	822.853611626144
228	802.249964734103
229	778.453427566439
230	751.548640807531
231	721.609051371625
232	688.784290648687
233	653.167031798675
234	614.894856644346
235	574.125736767497
236	531.031047877014
237	485.731785630797
238	438.436036763902
239	389.325518805504
240	338.562352275472
241	286.366372080695
242	232.947728441636
243	178.475666085512
244	123.192632585077
245	67.299623318648
246	11.0193260678632
247	-45.4308373727258
248	-101.831315811928
249	-157.959984531467
250	-213.60251823792
251	-268.541784260346
252	-322.558582996953
253	-375.416084259416
254	-426.944748944236
255	-476.939053986677
256	-525.15484833396
257	-571.462125203313
258	-615.622098124529
259	-657.492522418637
260	-696.87999195729
261	-733.643710555778
262	-767.603466687034
263	-798.660372073707
264	-826.662199448877
265	-851.490307821853
266	-873.035154791077
267	-891.203044818984
268	-905.917301541123
269	-917.094701296887
270	-924.669714268024
271	-928.637894334678
272	-928.926132193405
273	-925.541801760795
274	-918.445336043463
275	-907.656451863281
276	-893.212654323078
277	-875.138903655399
278	-853.459980040149
279	-828.248099773646
280	-799.543170658024
281	-767.444253758624
282	-732.047637305072
283	-693.425120449764
284	-651.666746923365
285	-606.890568956852
286	-559.227271631012
287	-508.775161780601
288	-455.628723125821
289	-399.927503544467
290	-341.756371069958
291	-281.185726891522
292	-218.288876845076
293	-153.066997812655
294	-85.4949198668544
295	-15.3228817942777
296	57.3916418504461
297	134.734926631552
298	212.9262552574
299	312.850270745742
300	375.257949431465
301	756.726003598498
302	424.328838044673
303	410.809656636109
304	359.386289146168
305	329.123116571694
306	298.927254090847
307	272.416664424834
308	247.313737888116
309	223.499021068052
310	200.545247375731
311	178.260559988282
312	156.490218629621
313	135.150504759293
314	114.170141521444
315	93.5106933664099
316	73.1527444431623
317	53.090267352197
318	33.3214163278667
319	13.8667862817355
320	-5.2588256033557
321	-24.0319616877353
322	-42.4232258867619
323	-60.4051012659889
324	-77.9397988788575
325	-94.9983159628287
326	-111.540103077888
327	-127.530677588872
328	-142.934761940552
329	-157.712976017965
330	-171.829860211334
331	-185.250534437286
332	-197.942030891232
333	-209.860756279045
334	-221.003224368983
335	-231.308848806304
336	-240.776282040567
337	-249.357710389834
338	-257.046342332745
339	-263.806021339687
340	-269.63015684504
341	-274.499032670365
342	-278.410488628609
343	-281.343247482123
344	-283.285358967538
345	-284.259991285504
346	-284.229395828718
347	-283.232383154898
348	-281.260644529054
349	-278.306302482391
350	-274.411520994368
351	-269.574226289059
352	-263.814821217002
353	-257.157216413852
354	-249.638599884797
355	-241.267374161719
356	-232.068298230914
357	-222.101280075977
358	-211.377641566319
359	-199.964836753104
360	-187.875224792112
361	-175.161728220348
362	-161.86969917004
363	-148.058342174395
364	-133.767265304091
365	-119.052047555925
366	-103.947718527402
367	-88.530712853226
368	-72.8455378083556
369	-56.9502713493511
370	-40.903033873341
371	-24.7617516796579
372	-8.58012819703752
373	7.58244515441334
374	23.6668215150012
375	39.6171133720794
376	55.3749641324238
377	70.8835288983178
378	86.0905877298359
379	100.938784511889
380	115.375255490509
381	129.350805725195
382	142.813999761708
383	155.715549685486
384	168.012606258572
385	179.659545128278
386	190.613759763999
387	200.836503944678
388	210.296323006958
389	218.959664785657
390	226.785429947088
391	233.766011760324
392	239.850338271946
393	245.03954886749
394	249.304979801191
395	252.641938213589
396	255.029880739681
397	256.467014128271
398	256.931468903712
399	256.449171199718
400	255.01632191994
401	252.622973964349
402	249.297503848212
403	245.042976774722
404	239.891005536918
405	233.850447050778
406	226.939476336132
407	219.189130249363
408	210.637197601281
409	201.302009448543
410	191.231041338089
411	180.450203670188
412	169.011637164643
413	156.969196747118
414	144.349590969446
415	131.195277473354
416	117.573032250315
417	103.527002045603
418	89.1123389120501
419	74.3796529583385
420	59.3852989826654
421	44.1881759944195
422	28.8432063509121
423	13.4084297731458
424	-2.05817483411505
425	-17.4983118450033
426	-32.8548778744871
427	-48.0699533287534
428	-63.0867281720001
429	-77.8499418392575
430	-92.3021337171733
431	-106.392181482652
432	-120.063848192298
433	-133.267761965629
434	-145.95844688133
435	-158.081408496267
436	-169.597629758626
437	-180.459235369854
438	-190.623224843621
439	-200.077772330759
440	-208.755532012264
441	-216.632072258096
442	-223.677455684046
443	-229.880637383768
444	-235.203199621882
445	-239.640394137259
446	-243.154606584314
447	-245.759613837137
448	-247.422812815315
449	-248.148645708878
450	-247.928110667211
451	-246.781759943224
452	-244.702512787968
453	-241.689490107827
454	-237.769903783097
455	-232.942772508012
456	-227.24648750557
457	-220.70076542238
458	-213.307891194484
459	-205.131452420286
460	-196.174750853795
461	-186.47447888882
462	-176.089608349579
463	-165.039253158128
464	-153.370199226533
465	-141.12568359333
466	-128.362718606285
467	-115.121266967094
468	-101.456915916119
469	-87.4195726922271
470	-73.0585940349362
471	-58.436019040196
472	-43.6016359669918
473	-28.6167599387387
474	-13.5356030897524
475	1.58388592887662
476	16.6844792711
477	31.7069488496797
478	46.5965153729691
479	61.2936523669935
480	75.7449833816328
481	89.8937262847733
482	103.688750355011
483	117.074833250887
484	130.003555961026
485	142.424371028687
486	154.291185112064
487	165.557948896445
488	176.172048530517
489	186.117682947341
490	195.346472070829
491	203.816869599173
492	211.489663194079
493	218.353484055906
494	224.381412096348
495	229.533493047228
496	233.798358921909
497	237.181277173869
498	239.649574000334
499	241.185304228015
500	241.79984151546
501	241.499968809898
502	240.256609810072
503	238.090951483146
504	235.01527908141
505	231.043098421864
506	226.182499907088
507	220.458445553324
508	213.899355832544
509	206.508410348574
510	198.33537770853
511	189.394155500244
512	179.734890327245
513	169.400472651364
514	158.412213879337
515	146.817567075883
516	134.661566593426
517	121.996816067243
518	108.869787922352
519	95.3290907413021
520	81.4275977930641
521	67.218541341524
522	52.7587649721602
523	38.0987843822381
524	23.2996598424524
525	8.41666845429744
526	-6.49335855235507
527	-21.3725871616886
528	-36.1645869777823
529	-50.8118434774866
530	-65.2587514918946
531	-79.4482692782835
532	-93.3282609238321
533	-106.844560020761
534	-119.946317174056
535	-132.579252675217
536	-144.698673787963
537	-156.258016255178
538	-167.216731463282
539	-177.510590159943
540	-187.1457276141
541	-196.027510402326
542	-204.175841033606
543	-211.51481330059
544	-218.047768243802
545	-223.747742416029
546	-228.570405738274
547	-232.512763364836
548	-235.566692652175
549	-237.703812110594
550	-238.921902330819
551	-239.22210890473
552	-238.59801936841
553	-237.057038114036
554	-234.607527836192
555	-231.233909298082
556	-226.982088228572
557	-221.855785778805
558	-215.866240227741
559	-209.063472789705
560	-201.432651801195
561	-193.035914887766
562	-183.886845094632
563	-174.037225956903
564	-163.511869208725
565	-152.344406802362
566	-140.602662057253
567	-128.313095527701
568	-115.527892469052
569	-102.295596086839
570	-88.6701318335396
571	-74.6990177093354
572	-60.4377011418267
573	-45.9418780561015
574	-31.2666285952052
575	-16.4699069038968
576	-1.60526448933374
577	13.2678716158065
578	28.093098042137
579	42.8130113958943
580	57.371398686414
581	71.7121906188887
582	85.7798516896228
583	99.5230488188155
584	112.883663661994
585	125.817123323633
586	138.267166732887
587	150.191609834155
588	161.546837059594
589	172.27288932804
590	182.339520099421
591	191.718405289979
592	200.363636343496
593	208.227490438659
594	215.314664441784
595	221.563393983785
596	226.973036711161
597	231.511095283138
598	235.168090272569
599	237.906432948129
600	239.751011881046
601	240.663284351483
