1	157.890730557097
2	221.846608165344
3	294.378860523936
4	357.513246297859
5	417.471196979062
6	473.398361059849
7	525.995744905508
8	575.241442067125
9	621.223078340361
10	663.940653725215
11	703.394168221688
12	739.474089585204
13	772.202324264677
14	801.491246464447
15	827.318949735597
16	849.597808282467
17	868.349728553973
18	883.508991203367
19	895.053689781736
20	903.005730737993
21	907.343207623224
22	908.10993333526
23	905.284001425185
24	898.953037688661
25	889.138948574602
26	875.92935987867
27	859.368084498696
28	839.586561128171
29	816.650509113841
30	790.691367149199
31	761.840573927735
32	730.251474591859
33	696.077414283975
34	659.493644595407
35	620.697323566393
36	579.929422135001
37	537.387098341469
38	493.398948919527
39	448.315477051819
40	402.509092369906
41	356.549362545585
42	311.203013290894
43	267.631086398342
44	227.586097781155
45	194.060468361165
46	171.428915986758
47	164.554672317134
48	175.301976154985
49	200.630212390867
50	235.494325839582
51	275.824098292668
52	319.001709104744
53	363.427987504993
54	408.051423945479
55	452.236731407659
56	495.436248668651
57	537.277566096893
58	577.475899856487
59	615.746466111533
60	651.892106821795
61	685.715663947033
62	717.019979447011
63	745.695521077152
64	771.588943695049
65	794.590715056124
66	814.591302915802
67	831.524987927337
68	845.304144295067
69	855.884959121161
70	863.201713058875
71	867.276312557123
72	868.064944718074
73	865.567609541728
74	859.828119925917
75	850.868382319555
76	838.710303171558
77	823.463414726503
78	805.149623433303
79	783.900367985453
80	759.825180627527
81	733.011687155188
82	703.635139159757
83	671.826975334727
84	637.80626016925
85	601.74824525465
86	563.893901528995
87	524.506106379267
88	483.913456539198
89	442.510268089262
90	400.800389354512
91	359.419107353491
92	319.264586491728
93	281.629307255225
94	248.331504903954
95	221.978046858836
96	205.705936604544
97	202.203095422986
98	212.13986065097
99	233.654184130696
100	263.62220624684
101	299.110653489643
102	337.906974518657
103	378.477717909811
104	419.749467666255
105	460.977404524868
106	501.591960813853
107	541.155007554903
108	579.316041565373
109	615.790279009364
110	650.358655397723
111	682.758293343466
112	712.835847704187
113	740.437973337478
114	765.389418652016
115	787.60255785214
116	806.945952244359
117	823.331976033011
118	836.69490987135
119	846.96903441263
120	854.110536759021
121	858.097510461608
122	858.908049071474
123	856.542152588621
124	850.999821013047
125	842.3467736915
126	830.583010623978
127	815.818064055059
128	798.073840433658
129	777.481778453267
130	754.129503909546
131	728.148455495989
132	699.691978355001
133	668.91341762899
134	635.98802490928
135	601.156771133937
136	564.66062724103
137	526.762470617544
138	487.856617343953
139	448.337383500734
140	408.730523861854
141	369.780857690433
142	332.408455840914
143	297.927705248216
144	268.047308927733
145	245.067444015573
146	231.419726341335
147	229.010016960651
148	238.210725505081
149	257.685558590791
150	285.024806837098
151	317.884480210063
152	354.271091858393
153	392.716909704762
154	432.14851775232
155	471.799190289031
156	511.055546745267
157	549.457551693805
158	586.610889054171
159	622.20886854155
160	656.010519217873
161	687.774870145073
162	717.30476328291
163	744.424947040064
164	769.003982723042
165	790.910431638352
166	809.990948643587
167	826.201720840916
168	839.433215985764
169	849.641621180298
170	856.761217077774
171	860.770097229276
172	861.646355185888
173	859.389990947611
174	854.02291096336
175	845.545115233135
176	834.044229552597
177	819.542160370662
178	802.126533482991
179	781.90688113416
180	758.97082911983
181	733.471722582409
182	705.519093766474
183	675.332007161176
184	643.08571435784
185	608.999279845618
186	573.357487460408
187	536.445121038111
188	498.678403108117
189	460.495462648731
190	422.465867331753
191	385.356342869218
192	350.1307730134
193	318.103544699216
194	290.873828697486
195	270.478924757332
196	258.846600383303
197	257.400774754892
198	266.338605912339
199	284.608584307707
200	310.282942436451
201	341.390099896191
202	376.177540773703
203	413.243252338408
204	451.53572504237
205	490.244420275722
206	528.734051019922
207	566.544581847747
208	603.237883780891
209	638.50726653454
210	672.067946272795
211	703.678952057588
212	733.121219399764
213	760.197590259087
214	784.79853239098
215	806.726887755206
216	825.916937005017
217	842.237241446923
218	855.600175285262
219	865.961925622204
220	873.256773111002
221	877.462811302742
222	878.536227299592
223	876.477021101553
224	871.30709915754
225	863.070274365383
226	851.788453173998
227	837.527354930132
228	820.352698980529
229	800.395924018681
230	777.766562289166
231	752.574146036559
232	725.0158333011
233	695.244969225193
234	663.480618297994
235	629.985657906485
236	595.066778335481
237	559.030669869796
238	522.337367936651
239	485.4907208611
240	449.10410921277
241	414.009978050444
242	381.23793047314
243	352.014727620116
244	327.89572736436
245	310.523913374519
246	301.432737074666
247	301.586082217073
248	310.983948801741
249	328.793891769888
250	353.548179044188
251	383.603826955993
252	417.449290530147
253	453.792089280646
254	491.646433006302
255	530.201783097248
256	568.757133188193
257	606.852447851917
258	644.005785212283
259	679.888548535561
260	714.172141088021
261	746.615591931595
262	776.956023679299
263	805.040091188727
264	830.67063641964
265	853.69431422963
266	873.979685925207
267	891.417219261794
268	905.919288443729
269	917.398267675352
270	925.788437609915
271	931.089798247421
272	933.236630241121
273	932.250840039932
274	928.110521194938
275	920.859486603971
276	910.563455613775
277	897.288147571097
278	881.099281822683
279	862.128297062025
280	840.484725533698
281	816.365725277942
282	789.968454334994
283	761.511977194006
284	731.259171241963
285	699.560539661509
286	666.832304982036
287	633.55640907968
288	600.30241962624
289	567.83706233375
290	537.036595158824
291	508.996340547228
292	485.030685433879
293	466.607361896103
294	455.303634255803
295	452.631047488135
296	459.882082079103
297	478.283499167963
298	507.112385940511
299	556.53333469345
300	592.898039892865
301	883.749962141436
302	620.456352628325
303	607.531547768292
304	569.085729921923
305	544.440974892199
306	519.533342475492
307	496.42203886984
308	473.639331997917
309	451.053783166233
310	428.424421436717
311	405.641714564795
312	382.661849652635
313	359.506733149152
314	336.198271503262
315	312.824090510627
316	289.471815966906
317	266.338605912339
318	243.599711938247
319	221.518011431615
320	200.494392407592
321	180.973555779159
322	163.601741789318
323	149.178535823478
324	138.619627446299
325	132.785940100151
326	132.16817824074
327	136.652428333704
328	145.539874658645
329	157.825011210351
330	172.5045226285
331	188.73062934007
332	205.84394723271
333	223.336246691585
334	240.861405823833
335	258.101781120182
336	274.860214540394
337	290.939548044232
338	306.208342938203
339	320.535160528816
340	333.832375020409
341	346.012360617321
342	357.009397972807
343	366.75776774012
344	375.191750572514
345	382.31134646999
346	388.028929636886
347	392.366406522117
348	395.279964227854
349	396.747696305179
350	396.79150920301
351	395.38949647243
352	392.563564562355
353	388.313713472785
354	382.68375610155
355	375.673692448651
356	367.305428963003
357	357.644684991351
358	346.713366982611
359	334.599100732445
360	321.301886240852
361	306.909349303493
362	291.487209267115
363	275.123091927378
364	257.882716631029
365	239.875615622644
366	221.16750824897
367	201.924883521761
368	182.268226910054
369	162.383743229627
370	142.514594063441
371	123.009091949249
372	104.403944885476
373	87.592935987867
374	74.0810382969038
375	66.111472181514
376	65.7850660926759
377	73.141251638437
378	86.0923442371683
379	102.338166752762
380	120.32117066734
381	139.121285126459
382	158.184276972562
383	177.157452378112
384	195.802031049932
385	213.936189462026
386	231.419726341335
387	248.134346863716
388	263.994615878401
389	278.912907589727
390	292.801596202033
391	305.61686881749
392	317.271099640435
393	327.742382221953
394	336.964997215298
395	344.917038171556
396	351.554692192895
397	356.8560528304
398	360.77730718624
399	363.340361709332
400	364.523309950758
401	364.304245461605
402	362.705074690788
403	359.725797638305
404	355.388320753074
405	349.714550484009
406	342.70448683111
407	334.401942692207
408	324.850730965132
409	314.072758098799
410	302.133743439955
411	289.055593437515
412	274.92593388714
413	259.810484135576
414	243.753057080654
415	226.81937206912
416	209.114580055766
417	190.71973490158
418	171.735606271573
419	152.280488989886
420	132.507728198927
421	112.618863228717
422	92.9293469436365
423	73.9956031461341
424	56.9808642736128
425	44.5073322612353
426	41.1468829976268
427	48.8250933424429
428	63.5506083033143
429	81.413126748858
430	100.537456651924
431	120.086771663946
432	139.627324096403
433	158.907189786767
434	177.753307788608
435	196.02766747376
436	213.62730853232
437	230.455842589061
438	246.425643848322
439	261.497280702055
440	275.561220905684
441	288.573651561378
442	300.468853322392
443	311.224919739809
444	320.776131466884
445	329.100582054702
446	336.132552156517
447	341.893948221243
448	346.319050902136
449	349.407860199194
450	351.138469663504
451	351.532785743979
452	350.568901991706
453	348.246818406683
454	344.588441437826
455	339.593771085135
456	333.306620246442
457	325.74889537066
458	316.92059645779
459	306.909349303493
460	295.71515390777
461	283.38182316845
462	269.996982881196
463	255.582539494922
464	240.204212356374
465	223.927720812299
466	206.836309368574
467	188.991316082162
468	170.478176103834
469	151.386705874141
470	131.815484413203
471	111.89375976962
472	91.7880209551489
473	71.7720985812301
474	52.4067977400961
475	35.2956704923475
476	25.8715161689811
477	31.9877967061356
478	47.9488353858305
479	66.886960473116
480	86.6662931987494
481	106.583636552549
482	126.327918959918
483	145.712935605076
484	164.609438439422
485	182.912276508164
486	200.531633370748
487	217.386455166187
488	233.391306743713
489	248.506756495277
490	262.658322494567
491	275.780285394838
492	287.806925849343
493	298.716337409167
494	308.46470717648
495	316.986315804536
496	324.259256844419
497	330.283530296129
498	335.015323261836
499	338.410822843709
500	340.491935490663
501	341.258661202699
502	340.667187081986
503	338.739419577438
504	335.497265137973
505	330.940723763588
506	325.0917019032
507	317.972106005725
508	309.625748968991
509	300.052630793001
510	289.318470824499
511	277.445175512401
512	264.498464203453
513	250.5440562444
514	235.603858084159
515	219.743589069475
516	203.037731126659
517	185.552003602459
518	167.360888423185
519	148.534486225368
520	129.156041514885
521	109.315370732288
522	89.115434187481
523	68.685479929063
524	48.2555256706449
525	28.4740023001199
526	13.6823298635243
527	21.6047971137462
528	40.5510275871303
529	60.8342086378158
530	81.2597816064509
531	101.514484273547
532	121.442780851804
533	140.935139096647
534	159.897361277739
535	178.246202889203
536	195.907182004726
537	212.805816697996
538	228.878578267159
539	244.037840916553
540	258.277032711505
541	271.464714958521
542	283.622794106518
543	294.641737910919
544	304.521546371724
545	313.218406591102
546	320.666599222308
547	326.86612426534
548	331.795075271285
549	335.409639342311
550	337.709816478419
551	338.695606679608
552	338.345103496963
553	336.680213379399
554	333.700936326917
555	329.385365890601
556	323.799221417197
557	316.942502906705
558	308.83711680804
559	299.548782467949
560	289.055593437515
561	277.445175512401
562	264.739435141521
563	251.004091671622
564	236.282958000534
565	220.619847026087
566	204.108956478618
567	186.794099255957
568	168.749757284416
569	150.041649910741
570	130.748640351028
571	110.945210531587
572	90.7102236685156
573	70.1313055574734
574	49.3026539287967
575	28.371041990218
576	8.14613209364717
577	15.0768944014729
578	35.8564755845794
579	56.7924688129411
580	77.5663543193296
581	98.0620279244936
582	118.187482542989
583	137.861664313829
584	157.003519376027
585	175.540756448162
586	193.39451231414
587	210.501258272105
588	226.797465620204
589	242.197699207667
590	256.655955491772
591	270.128421574687
592	282.549378109668
593	293.853105749968
594	304.039604495587
595	313.021248550864
596	320.7980379158
597	327.326159692562
598	332.583707432236
599	336.526868236992
600	339.177548555745
601	340.491935490663
