1	-4.08346378968622
2	-5.79449445778505
3	-7.75571614167214
4	-9.50238017077819
5	-11.1913840847033
6	-12.8004075753646
7	-14.3451478594058
8	-15.8246442735395
9	-17.2397487156663
10	-18.5891372670289
11	-19.8700800502766
12	-21.0802725407012
13	-22.2190899703357
14	-23.2812329098406
15	-24.2635630588807
16	-25.1671642371686
17	-25.9849107165907
18	-26.7174300160609
19	-27.3618330269937
20	-27.9150006347251
21	-28.377555319533
22	-28.7481553029107
23	-29.0215781479247
24	-29.2020950851201
25	-29.2864213687972
26	-29.2756479489442
27	-29.1685769701612
28	-28.9683032626298
29	-28.6728409486925
30	-28.283234448277
31	-27.8043969294977
32	-27.235029695527
33	-26.5771941177505
34	-25.8343047754906
35	-25.0096736938688
36	-24.106615361936
37	-23.1255871569051
38	-22.0731100591445
39	-20.951896424375
40	-19.7663157303816
41	-18.5203564789354
42	-17.2184995042565
43	-15.8659179574505
44	-14.4672715588011
45	-13.0277591938057
46	-11.552425809575
47	-10.0466306195102
48	-8.51591659987436
49	-6.96577085355613
50	-5.40171685584673
51	-3.82945547713244
52	-2.25481156018999
53	-0.68303087931246
54	0.880055926637965
55	2.42829330244053
56	3.95709273486075
57	5.4606787689061
58	6.93334815828408
59	8.37041322975458
60	9.76583835371956
61	11.1159735994797
62	12.4150702931869
63	13.6588899189745
64	14.844941488568
65	15.9660170666376
66	17.0195699702969
67	18.0028021443755
68	18.9104279544189
69	19.7420887376623
70	20.4930375892698
71	21.1617708033017
72	21.7467037589669
73	22.2434167398864
74	22.6540051438833
75	22.9756659838596
76	23.2066132081897
77	23.348974164453
78	23.4012596268902
79	23.3629077937794
80	23.234772677856
81	23.0191422673748
82	22.7151882932011
83	22.3274104331014
84	21.8545512963985
85	21.3013221260042
86	20.6685718359447
87	19.9604292475016
88	19.1804770919556
89	18.3295989979521
90	17.4132599320944
91	16.4354694959449
92	15.3997154330065
93	14.3109508634247
94	13.1732005049548
95	11.9912337982293
96	10.7701911913289
97	9.51463058114746
98	8.2301134372587
99	6.92161937150019
100	5.59477906897222
101	4.25473545675485
102	2.90687726172195
103	1.55684909672244
104	0.209933369167884
105	-1.12840641627049
106	-2.45277991040887
107	-3.75791980146105
108	-5.03861058918329
109	-6.28967953538477
110	-7.50607478259169
111	-8.68313650978999
112	-9.8158351827492
113	-10.9000044632696
114	-11.9313237028693
115	-12.9054961917628
116	-13.818995604678
117	-14.667604718196
118	-15.4482282924798
119	-16.1577581761363
120	-16.7940557987693
121	-17.3535757812809
122	-17.8342152767027
123	-18.2346559575827
124	-18.5530408838199
125	-18.7878334148341
126	-18.9385000877681
127	-19.0035250946913
128	-18.9843241054276
129	-18.8788094222742
130	-18.6897430585053
131	-18.4159717333198
132	-18.0591147592381
133	-17.6193307586491
134	-17.1013800999655
135	-16.5048944251476
136	-15.8323347702149
137	-15.0869558837525
138	-14.2712851605688
139	-13.388512229791
140	-12.4420239608574
141	-11.4356719212174
142	-10.3729854128403
143	-9.25830537715162
144	-8.09586991955489
145	-6.89034598103814
146	-5.64599704685425
147	-4.36821174662391
148	-3.06130653768464
149	-1.73073746073706
150	-0.381564010239427
151	0.981117742533728
152	2.35186627799038
153	3.72555982083224
154	5.09656312329414
155	6.45996072192121
156	7.81027128529054
157	9.1424868823641
158	10.4509938586814
159	11.73140587218
160	12.9780091313446
161	14.1871187759367
162	15.3517824941311
163	16.4698508286541
164	17.5369240582872
165	18.5465702609065
166	19.4976031125187
167	20.384121275315
168	21.2031623706847
169	21.9530711264269
170	22.6298551242417
171	23.2300935770132
172	23.7523015094879
173	24.1933329440047
174	24.5540729918394
175	24.8291235317944
176	25.0207767670253
177	25.1256760365534
178	25.1440378717792
179	25.0769846734149
180	24.9241319279882
181	24.6848967600771
182	24.361100362641
183	23.9536848394422
184	23.4611665811746
185	22.8904565510204
186	22.2408776970684
187	21.5137028331217
188	20.7119351458881
189	19.8395944339281
190	18.8991409993321
191	17.893829920538
192	16.8276502831786
193	15.7038460770159
194	14.5265143548426
195	13.3002059784079
196	12.029035945489
197	10.7176302229825
198	9.37046387603318
199	7.99241358381848
200	6.58849258052495
201	5.16375669361575
202	3.72280959299898
203	2.27099399003983
204	0.813483564209254
205	-0.644602675807645
206	-2.09827651053061
207	-3.54289617961229
208	-4.97224679127134
209	-6.38212456358335
210	-7.76835561556032
211	-9.12482431604858
212	-10.4477507563091
213	-11.7332689731687
214	-12.9753351834681
215	-14.1704943375542
216	-15.3146423345789
217	-16.4055594087757
218	-17.4376653199975
219	-18.4081739570254
220	-19.3146594376618
221	-20.15371456371
222	-20.9232963766722
223	-21.6204009553258
224	-22.2440258918983
225	-22.7909701223337
226	-23.2609461587774
227	-23.6518290132597
228	-23.9645827622752
229	-24.1965930226707
230	-24.3482671314073
231	-24.4213661524433
232	-24.4141288347711
233	-24.3270538114043
234	-24.1620154875007
235	-23.921487175909
236	-23.6043670423005
237	-23.2135583560957
238	-22.7519597510614
239	-22.2210284935182
240	-21.6227117819302
241	-20.9612721823769
242	-20.2384985720013
243	-19.4590386832912
244	-18.6247051881389
245	-17.7398770506793
246	-16.8080049980933
247	-15.8336736888997
248	-14.820532478243
249	-13.7726519874167
250	-12.6945463882371
251	-11.5905796530561
252	-10.4649924011656
253	-9.32265327353283
254	-8.16787142405646
255	-7.00538939688828
256	-5.83951257612197
257	-4.67466647303056
258	-3.51565329107511
259	-2.36701171611819
260	-1.23302942343763
261	-0.117520824647614
262	0.974886991843644
263	2.03998984273798
264	3.07404700701364
265	4.07373698648867
266	5.03431239287095
267	5.95371326428724
268	6.8275452583022
269	7.65411983783858
270	8.42906774674989
271	9.1501760175558
272	9.81513098940601
273	10.4229863349982
274	10.9695420548834
275	11.4550889484621
276	11.8780002428117
277	12.2359707190148
278	12.5286826607636
279	12.7556945503349
280	12.9162221939826
281	13.0106487369916
282	13.0382089719184
283	13.0006817033017
284	12.8978406667483
285	12.7290410600278
286	12.4981906435451
287	12.2035569397034
288	11.8487332414272
289	11.4339839584689
290	10.9614404626611
291	10.4322033180609
292	9.84913155579387
293	9.21208544187239
294	8.52390830014222
295	7.78568204054274
296	6.99699136495934
297	6.15872928883977
298	5.26229388311579
299	4.32146059166176
300	3.24697179361138
301	2.30290372793171
